0 0.000134916351862 
22279170 0.0 
20191235 0.000134916351862 
20318468 0.0 
22134183 0.000539665407447 
19610246 0.0 
22152327 0.0 
22279184 0.0 
20227523 0.000134916351862 
19610004 0.0 
19609366 0.0 
19609367 0.00539665407447 
19610011 0.0 
20318236 0.0 
19610014 0.0 
22133616 0.0 
20318242 0.0 
20318243 0.138019427955 
20372900 0.0 
20318246 0.0 
22279335 0.00242849433351 
7843754 0.497301672963 
21714183 0.000134916351862 
19610028 0.0 
21570480 0.0 
21570488 0.0 
19609972 0.0 
20372668 0.0 
21570882 0.0 
20372675 0.0151106314085 
19610180 0.0 
20318534 0.0 
22333767 0.000404749055586 
21570896 0.0 
20173091 0.000539665407447 
20318299 0.0 
19609948 0.0 
20318302 0.0 
22550928 0.0 
19609955 0.337965461414 
19609360 0.0 
19609958 0.0 
21571047 0.00148407987048 
21659751 0.000134916351862 
20318316 0.0 
22278768 0.0 
21656391 0.000134916351862 
20372724 0.0 
22278776 0.0 
